
Temperature
1.0  1.1  1.2000000000000002  1.3000000000000003  1.4000000000000004  1.5000000000000004  1.6000000000000005  1.7000000000000006  1.8000000000000007  1.9000000000000008  2.000000000000001  2.100000000000001  2.200000000000001  2.300000000000001  2.4000000000000012  2.5000000000000013  2.6000000000000014  2.7000000000000015  2.8000000000000016  2.9000000000000017  3.0000000000000018  3.100000000000002  3.200000000000002  3.300000000000002  3.400000000000002  3.500000000000002  3.6000000000000023  3.7000000000000024  3.8000000000000025  3.9000000000000026  
Average Energy
-46.7728  -46.70376  -46.571360000000006  -46.374359999999996  -46.090360000000004  -45.68091999999999  -45.15536  -44.45536  -43.54304  -42.38896  -40.85636  -38.97316  -36.31536  -31.500320000000002  -28.23652  -25.97364  -24.33332  -22.72936  -21.46756  -20.3156  -19.2942  -18.40924  -17.6232  -16.844079999999998  -16.1796  -15.651440000000001  -15.04876  -14.55728  -14.04712  -13.59392  
Errors
0.0002954041952081956  0.0004659095459047572  0.0006889695125163747  0.0010342627390954428  0.0014238109991128395  0.0021285100638799397  0.0025668427018508146  0.003710135709955935  0.004629845209041475  0.005483216364333088  0.007180976630254079  0.008858065942754895  0.01420286608731212  0.017796337469445325  0.011513979705366408  0.009290415089928191  0.007796371563533189  0.00633968418443147  0.005446120845415693  0.0047635977229685  0.004308237696936057  0.003819749021706575  0.0035944909369922833  0.0029372544158717422  0.0028951105083586935  0.0025663427053266553  0.0024319794100318764  0.002153241301522977  0.0021107253053701137  0.002116659261892329  
HeatCapacity
0.00010833920000493526  0.00017674483305289723  0.0003043854222167283  0.0004249774011899027  0.00064999051428571  0.0009124475875596199  0.001190431800001533  0.001532219172318088  0.0019910935703710995  0.0025145602127418436  0.0032261897519994497  0.004054906187756428  0.006173702770247588  0.007843326644989565  0.005353952394444295  0.004221781601279671  0.0036179886911243443  0.002762689685596684  0.00243984603673476  0.0020971753626635474  0.0018898452444443873  0.0018040462484911768  0.0016789674999999969  0.0013918195658402723  0.0013221422837370392  0.0011817278798366977  0.0010519531827160565  0.0009938965691745382  0.0009646411434903348  0.0009422535616042048  
susceptibility
0.0013701616000384093  0.0028388058184222738  0.0054357120000446835  0.010177846153481647  0.015526810285502244  0.024190121600031846  0.04442119900020769  0.0651798879999448  0.11075097244481241  0.17843230231557228  0.6596808032000435  0.8693550560000749  3.0130235919999793  52.065056155826056  55.2222267493333  22.03728945599999  12.845002288615378  8.70031312592592  5.884703299999996  4.217782399448273  3.7808044607999975  3.0362143870967726  2.4751110394999984  2.2997182792727258  1.902640458823528  1.8051255881142847  1.541897435999999  1.4317246460540531  1.138187720421052  1.073103605743589  